{
  "nbformat": 4,
  "nbformat_minor": 2,
  "metadata": {
    "colab": {
      "name": "Automating Stock Trades.ipynb",
      "provenance": [],
      "collapsed_sections": [],
      "include_colab_link": true
    },
    "kernelspec": {
      "name": "python3",
      "display_name": "Python 3.8.5 64-bit (conda)"
    },
    "language_info": {
      "name": "python",
      "version": "3.8.5",
      "mimetype": "text/x-python",
      "codemirror_mode": {
        "name": "ipython",
        "version": 3
      },
      "pygments_lexer": "ipython3",
      "nbconvert_exporter": "python",
      "file_extension": ".py"
    },
    "interpreter": {
      "hash": "1fd9f03c7c02d1f76971ab3a71c25de29b88133812ea269519d0fefb24d468dc"
    }
  },
  "cells": [
    {
      "cell_type": "markdown",
      "source": [
        "<a href=\"https://colab.research.google.com/github/PapaZeusOne/Automated-Trading-Bot/blob/main/Automating_Stock_Trades.ipynb\" target=\"_parent\"><img src=\"https://colab.research.google.com/assets/colab-badge.svg\" alt=\"Open In Colab\"/></a>"
      ],
      "metadata": {
        "id": "view-in-github",
        "colab_type": "text"
      }
    },
    {
      "cell_type": "code",
      "execution_count": 12,
      "source": [
        "%run Packages/imports_buy.py\r\n",
        "%run Stocks/Combine_Stock.py"
      ],
      "outputs": [],
      "metadata": {
        "id": "blAPU1rU-YJJ"
      }
    },
    {
      "cell_type": "markdown",
      "source": [
        "<br> Combine Stocks and calculate the values for each given indicator </br>"
      ],
      "metadata": {}
    },
    {
      "cell_type": "code",
      "execution_count": 18,
      "source": [
        "stocks_dax = ['ADS.DE', 'ALV.DE', 'BAS.DE', 'BAYN.DE', 'BMW.DE', 'CON.DE', '1COV.DE', 'DAI.DE', 'DHER.DE', 'DBK.DE', 'DB1.DE', 'DPW.DE', 'DTE.DE', 'DWNI.DE', 'EOAN.DE', 'FRE.DE', 'FMS', 'HEI.DE', 'HEN3.DE', 'IFX.DE', 'LIN.DE', 'MRK', 'MTX.DE', 'MUV2.DE', 'RWE.DE', 'SAP.DE', 'SIE.DE', 'ENR.F', 'VOW.DE', 'VNA.DE']\r\n",
        "stocks_random = ['AMZN', 'AAPL', 'SAP', 'ACN', 'VOW.DE', 'PLUG', 'MDO.DE', 'PYPL', 'V', 'YNDX']\r\n",
        "\r\n",
        "stock_list_1 = ['AMZN', 'AAPL', 'SAP', 'ACN', 'VOW.DE']\r\n",
        "stock_list_2 = ['PLUG', 'MDO.DE', 'PYPL', 'V', 'YNDX']\r\n",
        "#stock_list_3 = ['DAI.DE', 'ADS.DE', 'ALV.DE', 'BAS.DE', 'BAYN.DE']"
      ],
      "outputs": [],
      "metadata": {
        "id": "qEKMe-Kh-5XF",
        "colab": {
          "base_uri": "https://localhost:8080/",
          "height": 639
        },
        "outputId": "fa5e9a6c-85a7-4902-b4b7-3d54added9f2"
      }
    },
    {
      "cell_type": "code",
      "execution_count": null,
      "source": [
        "### compile each df_list after 1 min as a little workaround because Alpha Vantage restricts us for 5 API calls \r\n",
        "#df_list_1 = combine_stocks_today(stock_list_1)\r\n",
        "df_list_2 = combine_stocks_today(stock_list_2)"
      ],
      "outputs": [],
      "metadata": {}
    },
    {
      "cell_type": "code",
      "execution_count": 20,
      "source": [
        "df_complete = pd.concat([df_list_1, df_list_2], ignore_index=True)"
      ],
      "outputs": [],
      "metadata": {}
    },
    {
      "cell_type": "code",
      "execution_count": 22,
      "source": [
        "df_yd = df_complete.drop_duplicates(subset='stock_id', keep='last')\r\n",
        "df_yd"
      ],
      "outputs": [
        {
          "output_type": "execute_result",
          "data": {
            "text/plain": [
              "          Open       High       Low    Close  Adj Close stock_id       ema_25  \\\n",
              "154   3627.750  3637.9500  3580.010  3599.92    3599.92     AMZN  3580.538279   \n",
              "309    144.685   146.5500   144.580   145.64     145.64     AAPL   142.828667   \n",
              "464    143.650   144.6500   143.630   144.34     144.34      SAP   142.902533   \n",
              "619    317.820   319.1400   316.130   318.35     318.35      ACN   308.562274   \n",
              "776    281.400   286.2000   273.000   283.00     283.00   VOW.DE   277.625262   \n",
              "931     27.830    28.0801    27.140    27.20      27.20     PLUG    28.475112   \n",
              "1088   204.500   206.2000   203.900   205.70     205.70   MDO.DE   200.163780   \n",
              "1243   285.370   289.0000   281.600   283.17     283.17     PYPL   294.218595   \n",
              "1398   248.110   250.3800   247.095   247.92     247.92        V   242.519230   \n",
              "1553    69.050    69.1700    68.290    68.94      68.94     YNDX    69.473838   \n",
              "\n",
              "          ema_100       sma_25      sma_100    bollinger  \\\n",
              "154   3398.223781  3591.650800  3344.139800  3598.918562   \n",
              "309    133.660828   143.066400   131.260251   144.002296   \n",
              "464    138.439257   143.582400   136.532926   142.967026   \n",
              "619    288.177800   308.354415   287.466837   310.845575   \n",
              "776    263.460266   275.538752   277.612781   277.505653   \n",
              "931     31.151414    29.402800    30.570900    28.183407   \n",
              "1088   192.464864   199.196000   192.808922   201.032404   \n",
              "1243   271.784926   296.814400   267.310350   296.084951   \n",
              "1398   230.476174   241.789200   229.316779   243.758918   \n",
              "1553    67.501772    70.079200    66.438950    69.531193   \n",
              "\n",
              "      bollinger_lower_band  bollinger_upper_band       macd  signalline  \\\n",
              "154            3476.890005           3783.963995  45.175867   57.790964   \n",
              "309             139.078963            151.128037   3.134347    3.708395   \n",
              "464             136.333369            151.987631  -0.162520    0.273691   \n",
              "619             301.269863            322.892863   6.604594    6.788231   \n",
              "776             263.426890            288.098610   0.054351   -0.908125   \n",
              "931              23.848578             32.942422  -0.972225   -0.941366   \n",
              "1088            192.510924            208.239076   2.819665    2.239531   \n",
              "1243            285.611059            310.354941   4.241154    6.290927   \n",
              "1398            233.604050            253.126950   3.702981    3.520095   \n",
              "1553             67.905072             72.103928  -0.032449    0.211250   \n",
              "\n",
              "            RSI         CCI  dead_cat_bounce  \n",
              "154   41.135898  -31.631900            False  \n",
              "309   51.210311  -31.409980            False  \n",
              "464   49.104175    3.169200            False  \n",
              "619   64.348480   70.679524            False  \n",
              "776   57.492261   13.803393            False  \n",
              "931   41.714981   28.597569            False  \n",
              "1088  63.552963   64.863021            False  \n",
              "1243  30.924678 -167.823511             True  \n",
              "1398  61.090513   50.858502            False  \n",
              "1553  41.843647  -60.677989            False  "
            ],
            "text/html": [
              "<div>\n",
              "<style scoped>\n",
              "    .dataframe tbody tr th:only-of-type {\n",
              "        vertical-align: middle;\n",
              "    }\n",
              "\n",
              "    .dataframe tbody tr th {\n",
              "        vertical-align: top;\n",
              "    }\n",
              "\n",
              "    .dataframe thead th {\n",
              "        text-align: right;\n",
              "    }\n",
              "</style>\n",
              "<table border=\"1\" class=\"dataframe\">\n",
              "  <thead>\n",
              "    <tr style=\"text-align: right;\">\n",
              "      <th></th>\n",
              "      <th>Open</th>\n",
              "      <th>High</th>\n",
              "      <th>Low</th>\n",
              "      <th>Close</th>\n",
              "      <th>Adj Close</th>\n",
              "      <th>stock_id</th>\n",
              "      <th>ema_25</th>\n",
              "      <th>ema_100</th>\n",
              "      <th>sma_25</th>\n",
              "      <th>sma_100</th>\n",
              "      <th>bollinger</th>\n",
              "      <th>bollinger_lower_band</th>\n",
              "      <th>bollinger_upper_band</th>\n",
              "      <th>macd</th>\n",
              "      <th>signalline</th>\n",
              "      <th>RSI</th>\n",
              "      <th>CCI</th>\n",
              "      <th>dead_cat_bounce</th>\n",
              "    </tr>\n",
              "  </thead>\n",
              "  <tbody>\n",
              "    <tr>\n",
              "      <th>154</th>\n",
              "      <td>3627.750</td>\n",
              "      <td>3637.9500</td>\n",
              "      <td>3580.010</td>\n",
              "      <td>3599.92</td>\n",
              "      <td>3599.92</td>\n",
              "      <td>AMZN</td>\n",
              "      <td>3580.538279</td>\n",
              "      <td>3398.223781</td>\n",
              "      <td>3591.650800</td>\n",
              "      <td>3344.139800</td>\n",
              "      <td>3598.918562</td>\n",
              "      <td>3476.890005</td>\n",
              "      <td>3783.963995</td>\n",
              "      <td>45.175867</td>\n",
              "      <td>57.790964</td>\n",
              "      <td>41.135898</td>\n",
              "      <td>-31.631900</td>\n",
              "      <td>False</td>\n",
              "    </tr>\n",
              "    <tr>\n",
              "      <th>309</th>\n",
              "      <td>144.685</td>\n",
              "      <td>146.5500</td>\n",
              "      <td>144.580</td>\n",
              "      <td>145.64</td>\n",
              "      <td>145.64</td>\n",
              "      <td>AAPL</td>\n",
              "      <td>142.828667</td>\n",
              "      <td>133.660828</td>\n",
              "      <td>143.066400</td>\n",
              "      <td>131.260251</td>\n",
              "      <td>144.002296</td>\n",
              "      <td>139.078963</td>\n",
              "      <td>151.128037</td>\n",
              "      <td>3.134347</td>\n",
              "      <td>3.708395</td>\n",
              "      <td>51.210311</td>\n",
              "      <td>-31.409980</td>\n",
              "      <td>False</td>\n",
              "    </tr>\n",
              "    <tr>\n",
              "      <th>464</th>\n",
              "      <td>143.650</td>\n",
              "      <td>144.6500</td>\n",
              "      <td>143.630</td>\n",
              "      <td>144.34</td>\n",
              "      <td>144.34</td>\n",
              "      <td>SAP</td>\n",
              "      <td>142.902533</td>\n",
              "      <td>138.439257</td>\n",
              "      <td>143.582400</td>\n",
              "      <td>136.532926</td>\n",
              "      <td>142.967026</td>\n",
              "      <td>136.333369</td>\n",
              "      <td>151.987631</td>\n",
              "      <td>-0.162520</td>\n",
              "      <td>0.273691</td>\n",
              "      <td>49.104175</td>\n",
              "      <td>3.169200</td>\n",
              "      <td>False</td>\n",
              "    </tr>\n",
              "    <tr>\n",
              "      <th>619</th>\n",
              "      <td>317.820</td>\n",
              "      <td>319.1400</td>\n",
              "      <td>316.130</td>\n",
              "      <td>318.35</td>\n",
              "      <td>318.35</td>\n",
              "      <td>ACN</td>\n",
              "      <td>308.562274</td>\n",
              "      <td>288.177800</td>\n",
              "      <td>308.354415</td>\n",
              "      <td>287.466837</td>\n",
              "      <td>310.845575</td>\n",
              "      <td>301.269863</td>\n",
              "      <td>322.892863</td>\n",
              "      <td>6.604594</td>\n",
              "      <td>6.788231</td>\n",
              "      <td>64.348480</td>\n",
              "      <td>70.679524</td>\n",
              "      <td>False</td>\n",
              "    </tr>\n",
              "    <tr>\n",
              "      <th>776</th>\n",
              "      <td>281.400</td>\n",
              "      <td>286.2000</td>\n",
              "      <td>273.000</td>\n",
              "      <td>283.00</td>\n",
              "      <td>283.00</td>\n",
              "      <td>VOW.DE</td>\n",
              "      <td>277.625262</td>\n",
              "      <td>263.460266</td>\n",
              "      <td>275.538752</td>\n",
              "      <td>277.612781</td>\n",
              "      <td>277.505653</td>\n",
              "      <td>263.426890</td>\n",
              "      <td>288.098610</td>\n",
              "      <td>0.054351</td>\n",
              "      <td>-0.908125</td>\n",
              "      <td>57.492261</td>\n",
              "      <td>13.803393</td>\n",
              "      <td>False</td>\n",
              "    </tr>\n",
              "    <tr>\n",
              "      <th>931</th>\n",
              "      <td>27.830</td>\n",
              "      <td>28.0801</td>\n",
              "      <td>27.140</td>\n",
              "      <td>27.20</td>\n",
              "      <td>27.20</td>\n",
              "      <td>PLUG</td>\n",
              "      <td>28.475112</td>\n",
              "      <td>31.151414</td>\n",
              "      <td>29.402800</td>\n",
              "      <td>30.570900</td>\n",
              "      <td>28.183407</td>\n",
              "      <td>23.848578</td>\n",
              "      <td>32.942422</td>\n",
              "      <td>-0.972225</td>\n",
              "      <td>-0.941366</td>\n",
              "      <td>41.714981</td>\n",
              "      <td>28.597569</td>\n",
              "      <td>False</td>\n",
              "    </tr>\n",
              "    <tr>\n",
              "      <th>1088</th>\n",
              "      <td>204.500</td>\n",
              "      <td>206.2000</td>\n",
              "      <td>203.900</td>\n",
              "      <td>205.70</td>\n",
              "      <td>205.70</td>\n",
              "      <td>MDO.DE</td>\n",
              "      <td>200.163780</td>\n",
              "      <td>192.464864</td>\n",
              "      <td>199.196000</td>\n",
              "      <td>192.808922</td>\n",
              "      <td>201.032404</td>\n",
              "      <td>192.510924</td>\n",
              "      <td>208.239076</td>\n",
              "      <td>2.819665</td>\n",
              "      <td>2.239531</td>\n",
              "      <td>63.552963</td>\n",
              "      <td>64.863021</td>\n",
              "      <td>False</td>\n",
              "    </tr>\n",
              "    <tr>\n",
              "      <th>1243</th>\n",
              "      <td>285.370</td>\n",
              "      <td>289.0000</td>\n",
              "      <td>281.600</td>\n",
              "      <td>283.17</td>\n",
              "      <td>283.17</td>\n",
              "      <td>PYPL</td>\n",
              "      <td>294.218595</td>\n",
              "      <td>271.784926</td>\n",
              "      <td>296.814400</td>\n",
              "      <td>267.310350</td>\n",
              "      <td>296.084951</td>\n",
              "      <td>285.611059</td>\n",
              "      <td>310.354941</td>\n",
              "      <td>4.241154</td>\n",
              "      <td>6.290927</td>\n",
              "      <td>30.924678</td>\n",
              "      <td>-167.823511</td>\n",
              "      <td>True</td>\n",
              "    </tr>\n",
              "    <tr>\n",
              "      <th>1398</th>\n",
              "      <td>248.110</td>\n",
              "      <td>250.3800</td>\n",
              "      <td>247.095</td>\n",
              "      <td>247.92</td>\n",
              "      <td>247.92</td>\n",
              "      <td>V</td>\n",
              "      <td>242.519230</td>\n",
              "      <td>230.476174</td>\n",
              "      <td>241.789200</td>\n",
              "      <td>229.316779</td>\n",
              "      <td>243.758918</td>\n",
              "      <td>233.604050</td>\n",
              "      <td>253.126950</td>\n",
              "      <td>3.702981</td>\n",
              "      <td>3.520095</td>\n",
              "      <td>61.090513</td>\n",
              "      <td>50.858502</td>\n",
              "      <td>False</td>\n",
              "    </tr>\n",
              "    <tr>\n",
              "      <th>1553</th>\n",
              "      <td>69.050</td>\n",
              "      <td>69.1700</td>\n",
              "      <td>68.290</td>\n",
              "      <td>68.94</td>\n",
              "      <td>68.94</td>\n",
              "      <td>YNDX</td>\n",
              "      <td>69.473838</td>\n",
              "      <td>67.501772</td>\n",
              "      <td>70.079200</td>\n",
              "      <td>66.438950</td>\n",
              "      <td>69.531193</td>\n",
              "      <td>67.905072</td>\n",
              "      <td>72.103928</td>\n",
              "      <td>-0.032449</td>\n",
              "      <td>0.211250</td>\n",
              "      <td>41.843647</td>\n",
              "      <td>-60.677989</td>\n",
              "      <td>False</td>\n",
              "    </tr>\n",
              "  </tbody>\n",
              "</table>\n",
              "</div>"
            ]
          },
          "metadata": {},
          "execution_count": 22
        }
      ],
      "metadata": {
        "id": "3akqis5YRZ3i"
      }
    },
    {
      "cell_type": "markdown",
      "source": [
        "<br> Calculate a score based on the indicators </br>"
      ],
      "metadata": {}
    },
    {
      "cell_type": "code",
      "execution_count": 23,
      "source": [
        "%run Scores/Combine_Score.py"
      ],
      "outputs": [],
      "metadata": {}
    },
    {
      "cell_type": "code",
      "execution_count": 24,
      "source": [
        "df_yd['score'] = df_yd.apply(lambda row: relative_score(row), axis=1)\r\n",
        "df_yd.sort_values(by=['score'], ascending=False)"
      ],
      "outputs": [
        {
          "output_type": "stream",
          "name": "stdout",
          "text": [
            "AMZN 0.0536499387775613 -0.017521357072532995 0.024792830636551244 0.002302339637249906 -0.08586893679679986 0.09794261391462858 0.07529742909665818 \n",
            "\n",
            "AAPL 0.06859031891124423 -0.019707752755102614 0.013046212620705266 0.01798884993261818 0 0.12192931307587104 0.2018469417853361 \n",
            "\n",
            "SAP 0.03223996093800596 -0.015110527488294556 0.021273291575764852 0.005276412707964306 0 0.11691470188796135 0.16059383962140192 \n",
            "\n",
            "ACN 0.07073575462101189 -0.002884202316681961 -0.004673161222236155 0.03241589787549892 0.10275491154982319 0.153210666344666 0.3515598668520819 \n",
            "\n",
            "VOW.DE 0.053765205210760225 0.01700487985741239 -0.0006996719532694762 0.027078760957732984 0.045313843870072645 0.1368863366972714 0.2793493546399802 \n",
            "\n",
            "PLUG -0.08591271996013627 -0.005672603161229195 -0.03489311392845762 -0.07491803501707295 -0.07300042433257392 0.09932138310722423 -0.17507551329224574 \n",
            "\n",
            "MDO.DE 0.04000166986344911 0.014101470638978597 -0.005200754636057514 0.03265125805739144 0.1172188590004819 0.15131657798803214 0.35008908091227564 \n",
            "\n",
            "PYPL 0.08254198931470436 -0.03619333843382644 0.008546793500765926 -0.04596946778862521 -0.020548400592233396 0.07363018577773929 0.06200776177852453 \n",
            "\n",
            "V 0.052252933832550585 0.0036884067044218316 0.0021048456687288164 0.025355971234447994 0.11073660563349175 0.14545360311867156 0.33959236619231253 \n",
            "\n",
            "YNDX 0.029215030386113394 -0.01767467192315686 -0.008502557452421455 -0.016255893332115523 -0.07014117607581494 0.09962773113473411 0.01626846273733873 \n",
            "\n"
          ]
        },
        {
          "output_type": "stream",
          "name": "stderr",
          "text": [
            "<ipython-input-24-fd477b20e8aa>:1: SettingWithCopyWarning: \n",
            "A value is trying to be set on a copy of a slice from a DataFrame.\n",
            "Try using .loc[row_indexer,col_indexer] = value instead\n",
            "\n",
            "See the caveats in the documentation: https://pandas.pydata.org/pandas-docs/stable/user_guide/indexing.html#returning-a-view-versus-a-copy\n",
            "  df_yd['score'] = df_yd.apply(lambda row: relative_score(row), axis=1)\n"
          ]
        },
        {
          "output_type": "execute_result",
          "data": {
            "text/plain": [
              "          Open       High       Low    Close  Adj Close stock_id       ema_25  \\\n",
              "619    317.820   319.1400   316.130   318.35     318.35      ACN   308.562274   \n",
              "1088   204.500   206.2000   203.900   205.70     205.70   MDO.DE   200.163780   \n",
              "1398   248.110   250.3800   247.095   247.92     247.92        V   242.519230   \n",
              "776    281.400   286.2000   273.000   283.00     283.00   VOW.DE   277.625262   \n",
              "309    144.685   146.5500   144.580   145.64     145.64     AAPL   142.828667   \n",
              "464    143.650   144.6500   143.630   144.34     144.34      SAP   142.902533   \n",
              "154   3627.750  3637.9500  3580.010  3599.92    3599.92     AMZN  3580.538279   \n",
              "1243   285.370   289.0000   281.600   283.17     283.17     PYPL   294.218595   \n",
              "1553    69.050    69.1700    68.290    68.94      68.94     YNDX    69.473838   \n",
              "931     27.830    28.0801    27.140    27.20      27.20     PLUG    28.475112   \n",
              "\n",
              "          ema_100       sma_25      sma_100    bollinger  \\\n",
              "619    288.177800   308.354415   287.466837   310.845575   \n",
              "1088   192.464864   199.196000   192.808922   201.032404   \n",
              "1398   230.476174   241.789200   229.316779   243.758918   \n",
              "776    263.460266   275.538752   277.612781   277.505653   \n",
              "309    133.660828   143.066400   131.260251   144.002296   \n",
              "464    138.439257   143.582400   136.532926   142.967026   \n",
              "154   3398.223781  3591.650800  3344.139800  3598.918562   \n",
              "1243   271.784926   296.814400   267.310350   296.084951   \n",
              "1553    67.501772    70.079200    66.438950    69.531193   \n",
              "931     31.151414    29.402800    30.570900    28.183407   \n",
              "\n",
              "      bollinger_lower_band  bollinger_upper_band       macd  signalline  \\\n",
              "619             301.269863            322.892863   6.604594    6.788231   \n",
              "1088            192.510924            208.239076   2.819665    2.239531   \n",
              "1398            233.604050            253.126950   3.702981    3.520095   \n",
              "776             263.426890            288.098610   0.054351   -0.908125   \n",
              "309             139.078963            151.128037   3.134347    3.708395   \n",
              "464             136.333369            151.987631  -0.162520    0.273691   \n",
              "154            3476.890005           3783.963995  45.175867   57.790964   \n",
              "1243            285.611059            310.354941   4.241154    6.290927   \n",
              "1553             67.905072             72.103928  -0.032449    0.211250   \n",
              "931              23.848578             32.942422  -0.972225   -0.941366   \n",
              "\n",
              "            RSI         CCI  dead_cat_bounce     score  \n",
              "619   64.348480   70.679524            False  0.351560  \n",
              "1088  63.552963   64.863021            False  0.350089  \n",
              "1398  61.090513   50.858502            False  0.339592  \n",
              "776   57.492261   13.803393            False  0.279349  \n",
              "309   51.210311  -31.409980            False  0.201847  \n",
              "464   49.104175    3.169200            False  0.160594  \n",
              "154   41.135898  -31.631900            False  0.075297  \n",
              "1243  30.924678 -167.823511             True  0.062008  \n",
              "1553  41.843647  -60.677989            False  0.016268  \n",
              "931   41.714981   28.597569            False -0.175076  "
            ],
            "text/html": [
              "<div>\n",
              "<style scoped>\n",
              "    .dataframe tbody tr th:only-of-type {\n",
              "        vertical-align: middle;\n",
              "    }\n",
              "\n",
              "    .dataframe tbody tr th {\n",
              "        vertical-align: top;\n",
              "    }\n",
              "\n",
              "    .dataframe thead th {\n",
              "        text-align: right;\n",
              "    }\n",
              "</style>\n",
              "<table border=\"1\" class=\"dataframe\">\n",
              "  <thead>\n",
              "    <tr style=\"text-align: right;\">\n",
              "      <th></th>\n",
              "      <th>Open</th>\n",
              "      <th>High</th>\n",
              "      <th>Low</th>\n",
              "      <th>Close</th>\n",
              "      <th>Adj Close</th>\n",
              "      <th>stock_id</th>\n",
              "      <th>ema_25</th>\n",
              "      <th>ema_100</th>\n",
              "      <th>sma_25</th>\n",
              "      <th>sma_100</th>\n",
              "      <th>bollinger</th>\n",
              "      <th>bollinger_lower_band</th>\n",
              "      <th>bollinger_upper_band</th>\n",
              "      <th>macd</th>\n",
              "      <th>signalline</th>\n",
              "      <th>RSI</th>\n",
              "      <th>CCI</th>\n",
              "      <th>dead_cat_bounce</th>\n",
              "      <th>score</th>\n",
              "    </tr>\n",
              "  </thead>\n",
              "  <tbody>\n",
              "    <tr>\n",
              "      <th>619</th>\n",
              "      <td>317.820</td>\n",
              "      <td>319.1400</td>\n",
              "      <td>316.130</td>\n",
              "      <td>318.35</td>\n",
              "      <td>318.35</td>\n",
              "      <td>ACN</td>\n",
              "      <td>308.562274</td>\n",
              "      <td>288.177800</td>\n",
              "      <td>308.354415</td>\n",
              "      <td>287.466837</td>\n",
              "      <td>310.845575</td>\n",
              "      <td>301.269863</td>\n",
              "      <td>322.892863</td>\n",
              "      <td>6.604594</td>\n",
              "      <td>6.788231</td>\n",
              "      <td>64.348480</td>\n",
              "      <td>70.679524</td>\n",
              "      <td>False</td>\n",
              "      <td>0.351560</td>\n",
              "    </tr>\n",
              "    <tr>\n",
              "      <th>1088</th>\n",
              "      <td>204.500</td>\n",
              "      <td>206.2000</td>\n",
              "      <td>203.900</td>\n",
              "      <td>205.70</td>\n",
              "      <td>205.70</td>\n",
              "      <td>MDO.DE</td>\n",
              "      <td>200.163780</td>\n",
              "      <td>192.464864</td>\n",
              "      <td>199.196000</td>\n",
              "      <td>192.808922</td>\n",
              "      <td>201.032404</td>\n",
              "      <td>192.510924</td>\n",
              "      <td>208.239076</td>\n",
              "      <td>2.819665</td>\n",
              "      <td>2.239531</td>\n",
              "      <td>63.552963</td>\n",
              "      <td>64.863021</td>\n",
              "      <td>False</td>\n",
              "      <td>0.350089</td>\n",
              "    </tr>\n",
              "    <tr>\n",
              "      <th>1398</th>\n",
              "      <td>248.110</td>\n",
              "      <td>250.3800</td>\n",
              "      <td>247.095</td>\n",
              "      <td>247.92</td>\n",
              "      <td>247.92</td>\n",
              "      <td>V</td>\n",
              "      <td>242.519230</td>\n",
              "      <td>230.476174</td>\n",
              "      <td>241.789200</td>\n",
              "      <td>229.316779</td>\n",
              "      <td>243.758918</td>\n",
              "      <td>233.604050</td>\n",
              "      <td>253.126950</td>\n",
              "      <td>3.702981</td>\n",
              "      <td>3.520095</td>\n",
              "      <td>61.090513</td>\n",
              "      <td>50.858502</td>\n",
              "      <td>False</td>\n",
              "      <td>0.339592</td>\n",
              "    </tr>\n",
              "    <tr>\n",
              "      <th>776</th>\n",
              "      <td>281.400</td>\n",
              "      <td>286.2000</td>\n",
              "      <td>273.000</td>\n",
              "      <td>283.00</td>\n",
              "      <td>283.00</td>\n",
              "      <td>VOW.DE</td>\n",
              "      <td>277.625262</td>\n",
              "      <td>263.460266</td>\n",
              "      <td>275.538752</td>\n",
              "      <td>277.612781</td>\n",
              "      <td>277.505653</td>\n",
              "      <td>263.426890</td>\n",
              "      <td>288.098610</td>\n",
              "      <td>0.054351</td>\n",
              "      <td>-0.908125</td>\n",
              "      <td>57.492261</td>\n",
              "      <td>13.803393</td>\n",
              "      <td>False</td>\n",
              "      <td>0.279349</td>\n",
              "    </tr>\n",
              "    <tr>\n",
              "      <th>309</th>\n",
              "      <td>144.685</td>\n",
              "      <td>146.5500</td>\n",
              "      <td>144.580</td>\n",
              "      <td>145.64</td>\n",
              "      <td>145.64</td>\n",
              "      <td>AAPL</td>\n",
              "      <td>142.828667</td>\n",
              "      <td>133.660828</td>\n",
              "      <td>143.066400</td>\n",
              "      <td>131.260251</td>\n",
              "      <td>144.002296</td>\n",
              "      <td>139.078963</td>\n",
              "      <td>151.128037</td>\n",
              "      <td>3.134347</td>\n",
              "      <td>3.708395</td>\n",
              "      <td>51.210311</td>\n",
              "      <td>-31.409980</td>\n",
              "      <td>False</td>\n",
              "      <td>0.201847</td>\n",
              "    </tr>\n",
              "    <tr>\n",
              "      <th>464</th>\n",
              "      <td>143.650</td>\n",
              "      <td>144.6500</td>\n",
              "      <td>143.630</td>\n",
              "      <td>144.34</td>\n",
              "      <td>144.34</td>\n",
              "      <td>SAP</td>\n",
              "      <td>142.902533</td>\n",
              "      <td>138.439257</td>\n",
              "      <td>143.582400</td>\n",
              "      <td>136.532926</td>\n",
              "      <td>142.967026</td>\n",
              "      <td>136.333369</td>\n",
              "      <td>151.987631</td>\n",
              "      <td>-0.162520</td>\n",
              "      <td>0.273691</td>\n",
              "      <td>49.104175</td>\n",
              "      <td>3.169200</td>\n",
              "      <td>False</td>\n",
              "      <td>0.160594</td>\n",
              "    </tr>\n",
              "    <tr>\n",
              "      <th>154</th>\n",
              "      <td>3627.750</td>\n",
              "      <td>3637.9500</td>\n",
              "      <td>3580.010</td>\n",
              "      <td>3599.92</td>\n",
              "      <td>3599.92</td>\n",
              "      <td>AMZN</td>\n",
              "      <td>3580.538279</td>\n",
              "      <td>3398.223781</td>\n",
              "      <td>3591.650800</td>\n",
              "      <td>3344.139800</td>\n",
              "      <td>3598.918562</td>\n",
              "      <td>3476.890005</td>\n",
              "      <td>3783.963995</td>\n",
              "      <td>45.175867</td>\n",
              "      <td>57.790964</td>\n",
              "      <td>41.135898</td>\n",
              "      <td>-31.631900</td>\n",
              "      <td>False</td>\n",
              "      <td>0.075297</td>\n",
              "    </tr>\n",
              "    <tr>\n",
              "      <th>1243</th>\n",
              "      <td>285.370</td>\n",
              "      <td>289.0000</td>\n",
              "      <td>281.600</td>\n",
              "      <td>283.17</td>\n",
              "      <td>283.17</td>\n",
              "      <td>PYPL</td>\n",
              "      <td>294.218595</td>\n",
              "      <td>271.784926</td>\n",
              "      <td>296.814400</td>\n",
              "      <td>267.310350</td>\n",
              "      <td>296.084951</td>\n",
              "      <td>285.611059</td>\n",
              "      <td>310.354941</td>\n",
              "      <td>4.241154</td>\n",
              "      <td>6.290927</td>\n",
              "      <td>30.924678</td>\n",
              "      <td>-167.823511</td>\n",
              "      <td>True</td>\n",
              "      <td>0.062008</td>\n",
              "    </tr>\n",
              "    <tr>\n",
              "      <th>1553</th>\n",
              "      <td>69.050</td>\n",
              "      <td>69.1700</td>\n",
              "      <td>68.290</td>\n",
              "      <td>68.94</td>\n",
              "      <td>68.94</td>\n",
              "      <td>YNDX</td>\n",
              "      <td>69.473838</td>\n",
              "      <td>67.501772</td>\n",
              "      <td>70.079200</td>\n",
              "      <td>66.438950</td>\n",
              "      <td>69.531193</td>\n",
              "      <td>67.905072</td>\n",
              "      <td>72.103928</td>\n",
              "      <td>-0.032449</td>\n",
              "      <td>0.211250</td>\n",
              "      <td>41.843647</td>\n",
              "      <td>-60.677989</td>\n",
              "      <td>False</td>\n",
              "      <td>0.016268</td>\n",
              "    </tr>\n",
              "    <tr>\n",
              "      <th>931</th>\n",
              "      <td>27.830</td>\n",
              "      <td>28.0801</td>\n",
              "      <td>27.140</td>\n",
              "      <td>27.20</td>\n",
              "      <td>27.20</td>\n",
              "      <td>PLUG</td>\n",
              "      <td>28.475112</td>\n",
              "      <td>31.151414</td>\n",
              "      <td>29.402800</td>\n",
              "      <td>30.570900</td>\n",
              "      <td>28.183407</td>\n",
              "      <td>23.848578</td>\n",
              "      <td>32.942422</td>\n",
              "      <td>-0.972225</td>\n",
              "      <td>-0.941366</td>\n",
              "      <td>41.714981</td>\n",
              "      <td>28.597569</td>\n",
              "      <td>False</td>\n",
              "      <td>-0.175076</td>\n",
              "    </tr>\n",
              "  </tbody>\n",
              "</table>\n",
              "</div>"
            ]
          },
          "metadata": {},
          "execution_count": 24
        }
      ],
      "metadata": {}
    },
    {
      "cell_type": "code",
      "execution_count": null,
      "source": [],
      "outputs": [],
      "metadata": {}
    }
  ]
}